1.244
-1.077
-0.27
0.125
0.828
-0.047
3.064
2.334
-0.73
0.449
-1.033
0.783
0.398
0.954
-0.63
3.04
1.844
-0.603
1.547
2.085
0.603
1.95
-1.507
1.481
1.687
0.922
0.577
-1.272
1.256
1.991
0.899
0.519
-0.346
1.935
0.501
-0.224
1.403
1.273
1.864
1.835
0.872
1.422
0.077
1.593
1.589
1.992
0.748
-0.328
0.562
1.836
-0.545
0.445
1.866
1.513
0.562
-0.732
0.879
2.358
0.54
1.984
2.057
2.729
2.204
1.576
-1.129
0.17
0.136
2.014
0.205
1.36
0.927
0.651
0.692
-0.022
-0.059
1.984
1.055
1.77
0.698
1.361
0.766
0.585
1.353
-0.445
1.95
2.265
0.557
0.077
2.039
0.199
0.884
0.991
1.511
1.716
0.376
1.204
-0.349
0.617
0.492
1.754
-0.292
1.804
1.111
0.615
0.845
0.783
-0.773
1.912
1.159
2.692
1.066
1.481
0.183
0.517
0.968
1.06
1.068
-0.497
-0.016
0.098
2.308
0.805
0.084
-0.325
0.091
2.777
0.597
0.996
1.708
1.845
-0.61
1.827
-0.91
0.801
-1.158
-0.685
2.049
2.621
0.369
1.993
-0.221
1.376
1.147
0.019
1.333
1.2
2.315
-0.108
0.53
0.878
1.354
0.599
0.501
0.09
1.08
0.828
1.88
1.404
1.838
1.321
2.272
-1.907
-0.22
1.302
0.334
0.47
1.358
0.305
0.897
0.444
2.373
0.018
1.093
-1.327
0.755
-0.281
0.842
0.674
0.952
2.343
1.7
0.609
0.707
1.371
0.083
3.221
-0.616
1.605
0.193
0.538
1.324
0.879
0.192
0.926
1.904
-1.224
0.761
0.675
0.227
2.485
0.663
1.782
0.807
1.852
1.443
1.021
1.968
2.279
2.507
-0.33
0.048
1.175
2.151
-0.174
0.792
0.689
0.991
-0.544
-1.258
0.924
1.278
0.586
1.165
-1.091
0.81
1.036
-0.037
0.111
3.411
1.523
2.055
0.619
0.61
1.511
1.604
3.202
0.381
-1.967
2.661
